4.018145
4.01412
4.01008
4.006027
4.001959
3.997878
3.993781
3.98967
3.985543
3.981401
3.977245
3.973074
3.968887
3.964685
3.960468
3.956235
3.951987
3.947723
3.943443
3.939148
3.934837
3.93051
3.926168
3.92181
3.917435
3.913045
3.908639
3.904216
3.899778
3.895324
3.890853
3.886366
3.881863
3.877344
3.872808
3.868257
3.863689
3.859105
3.854506
3.84989
3.845258
3.840611
3.835949
3.831271
3.826578
3.82187
3.817221
3.812485
3.807734
3.802971
3.798194
3.793404
3.788603
3.783789
3.778965
3.774131
3.769287
3.764434
3.759573
3.754704
3.74983
3.74495
3.740066
3.735177
3.730287
3.725395
3.720502
3.71561
3.710729
3.705841
3.700956
3.696076
3.6912
3.686329
3.681465
3.676608
3.671758
3.666915
3.66208
3.657253
3.652432
3.647618
3.642812
3.638011
3.633216
3.628426
3.62364
3.618858
3.61408
3.609305
3.604533
3.599764
3.594998
3.590235
3.585475
3.580719
3.575993
3.571247
3.566509
3.56178
3.557063
3.552357
3.547749
3.543077
3.538427
3.533801
3.529316
3.524747
3.520211
3.515712
3.511253
3.506834
3.502459
3.498127
3.493962
3.489718
3.48552
3.481366
3.477256
3.473189
3.469162
3.465173
3.461221
3.457301
3.453442
3.449585
3.445759
3.441962
3.438205
3.434502
3.430859
3.427287
3.423844
3.420441
3.417139
3.413948
3.410879
3.407939
3.405137
3.402473
3.399951
3.39757
3.395323
3.393203
3.3912
3.389302
3.387495
3.385764
3.384095
3.382475
3.380894
3.379345
3.377821
3.37631
3.374857
3.373365
3.371886
3.37122
3.371182
3.371248
3.371391
3.371586
3.371805
3.372024
3.372223
3.372387
3.372506
3.372577
3.372602
3.372591
3.372559
3.372525
3.372511
3.37254
3.372634
3.372811
3.373082
3.373465
3.373962
3.374568
3.375279
3.376091
3.376987
3.37794
3.378914
3.379896
3.380853
3.381763
3.382607
3.383372
3.38405
3.384633
3.38511
3.385473
3.385718
3.385843
3.385859
3.385783
3.385641
3.385463
3.385284
3.385132
3.38503
3.384987
3.384999
3.385045
3.385092
3.385103
3.385037
3.38486
3.384553
3.384113
3.383553
3.382904
3.382211
3.381527
3.380904
3.380387
3.380005
3.379764
3.379645
3.3796
3.379573
3.379493
3.37929
3.378904
3.378296
3.377438
3.376339
3.375028
3.373562
3.372015
3.370475
3.36903
3.367775
3.366725
3.365918
3.365334
3.364923
3.364611
3.364321
3.363963
3.363479
3.362819
3.361966
3.36093
3.35978
3.358502
3.357198
3.355938
3.354785
3.353783
3.352945
3.352257
3.35169
3.351156
3.350602
3.349963
3.349185
3.348231
3.347086
3.345761
3.344288
3.342717
3.341147
3.339564
3.338062
3.336679
3.335449
3.334322
3.333286
3.332286
3.331266
3.330168
3.32897
3.327603
3.326081
3.324421
3.322659
3.320848
3.319047
3.317314
3.315694
3.314212
3.312882
3.311639
3.310467
3.309275
3.308012
3.30662
3.305061
3.303318
3.301403
3.299351
3.297302
3.295181
3.293146
3.291272
3.289644
3.288209
3.286983
3.285908
3.284898
3.283853
3.28268
3.281299
3.279662
3.277749
3.275632
3.273251
3.270731
3.268169
3.265668
3.263327
3.261256
3.259408
3.257815
3.256425
3.255186
3.253924
3.252577
3.25106
3.249316
3.247321
3.245085
3.242652
3.240149
3.237557
3.235024
3.232636
3.230455
3.228502
3.226757
3.225165
3.223642
3.222094
3.220434
3.218593
3.216532
3.214241
3.211743
3.209092
3.20636
3.203631
3.200986
3.19849
3.196279
3.194146
3.192171
3.190297
3.188454
3.186571
3.184588
3.182465
3.180188
3.17777
3.175248
3.172678
3.17018
3.167707
3.165388
3.163203
3.161174
3.159273
3.157445
3.155624
3.153743
3.151742
3.149605
3.147274
3.144779
3.142149
3.139435
3.136697
3.133996
3.131386
3.128899
3.126545
3.124309
3.122152
3.120026
3.117892
3.115679
3.113371
3.110956
3.108474
3.105894
3.103287
3.100699
3.098177
3.095821
3.093505
3.091295
3.089162
3.087093
3.084981
3.082808
3.080534
3.07814
3.075622
3.073001
3.070311
3.067599
3.064915
3.062302
3.05979
3.05739
3.055091
3.052863
3.050668
3.048461
3.046203
3.043869
3.041451
3.038997
3.036461
3.033922
3.031429
3.029028
3.026755
3.024625
3.022632
3.02075
3.018926
3.017118
3.015258
3.013314
3.011262
3.009107
3.006854
3.004554
3.002262
3.000039
2.997943
2.996012
2.994262
2.992682
2.991232
2.989861
2.988506
2.987111
2.985634
2.984054
2.982373
2.980616
2.978826
2.977082
2.975384
2.973804
2.972373
2.971131
2.969983
2.968938
2.967952
2.967002
2.966017
2.964999
2.96395
2.962907
2.961871
2.960911
2.960039
2.959297
2.958694
2.958221
2.957846
2.957527
2.957211
2.956856
2.956425
2.955907
2.955305
2.954657
2.953993
2.953378
2.952872
2.952548
2.952453
2.952593
2.952936
2.953406
2.953925
2.954405
2.954779
2.955003
2.955062
2.954975
2.95478
2.954542
2.954331
2.95422
2.954262
2.954484
2.954874
2.955387
2.955953
2.956492
2.956932
2.957217
2.957324
2.957257
2.957057
2.956785
2.956523
2.956347
2.95632
2.956484
2.956851
2.957401
2.958088
2.958845
2.959603
2.960295
2.960872
2.961304
2.961588
2.961739
2.961801
2.96182
2.96185
2.961939
2.962126
2.962429
2.962848
2.963362
2.963938
2.964522
2.965093
2.965604
2.966033
2.966369
2.966619
2.966803
2.966949
2.96709
2.967257
2.967479
2.967772
2.968143
2.968585
2.969083
2.969611
2.97014
2.970636
2.971075
2.971435
2.971704
2.971882
2.971973
2.971993
2.97196
2.971897
2.971829
2.971782
2.972088
2.972837
2.97357
2.974288
2.974991
2.975683
2.976364
2.977038
2.977708
2.978384
2.97907
2.979772
2.980495
2.981242
2.982
2.982789
2.98359
2.984395
2.98519
2.985963
2.986703
2.9874
2.988049
2.98865
2.989208
2.989734
2.990234
2.99074
2.991262
2.991814
2.992396
2.993032
2.993709
2.994419
2.995145
2.995868
2.996568
2.997225
2.997826
2.998363
2.998839
2.999267
2.999667
3.000068
3.0005
3.000994
3.001577
3.002267
3.003072
3.003984
3.004987
3.006051
3.007139
3.008215
3.009242
3.010193
3.01105
3.01181
3.012482
3.013091
3.01367
3.014259
3.0149
3.015631
3.016481
3.017465
3.018584
3.019823
3.021154
3.022542
3.023946
3.02532
3.026651
3.027905
3.029083
3.030186
3.03123
3.032223
3.033235
3.03428
3.035391
3.036588
3.037886
3.039268
3.040753
3.0423
3.043886
3.045465
3.047035
3.048561
3.05003
3.05144
3.052795
3.054096
3.05539
3.056675
3.057997
3.059365
3.060795
3.062298
3.063874
3.065521
3.067229
3.068986
3.070779
3.072596
3.074429
3.076271
3.078124
3.079988
3.081865
3.083701
3.085611
3.087539
3.089481
3.091434
3.093392
3.095348
3.097298
3.09924
3.101175
3.103051
3.104993
3.106955
3.10895
3.110986
3.113072
3.115215
3.117419
3.119684
3.122003
3.124278
3.126675
3.129088
3.131512
3.133921
3.136325
3.138709
3.14107
3.143406
3.145735
3.148029
3.15036
3.152693
3.15507
3.157485
3.159941
3.162441
3.164982
3.167555
3.170151
3.172684
3.175288
3.177877
3.18044
3.182969
3.185459
3.187907
3.190317
3.192692
3.19504
3.197372
3.199697
3.202024
3.204362
3.206717
3.209093
3.211493
3.213914
3.216351
3.218803
3.221259
3.223713
3.226157
3.228586
3.230995
3.233382
3.23573
3.238073
3.240361
3.242675
3.244982
3.247291
3.249542
3.251877
3.254235
3.256619
3.259032
3.261472
3.26389
3.266373
3.268871
3.271376
3.273882
3.276385
3.27888
3.281366
3.283838
3.286305
3.288767
3.291229
3.293696
3.296175
3.298613
3.30112
3.303639
3.306168
3.308699
3.311227
3.313678
3.316179
3.31866
3.321117
3.323524
3.325938
3.328338
3.330731
3.333123
3.335556
3.338171
3.340783
3.343389
3.346009
3.348644
3.351298
3.353977
3.356685
3.359424
3.362194
3.364934
3.367755
3.370586
3.373444
3.376255
3.379133
3.382018
3.384908
3.387803
3.390701
3.393483
3.396388
3.399294
3.402202
3.405052
3.407962
3.410872
3.413786
3.416703
3.419628
3.422561
3.425507
3.428467
3.431439
3.434338
3.437334
3.440336
3.443344
3.446356
3.449371
3.452345
3.455374
3.458414
3.461474
3.464559
3.467674
3.470825
3.474014
3.477241
3.480503
3.483795
3.487107
3.490431
3.493757
3.49708
3.500392
3.503695
3.506989
3.51028
3.513576
3.516885
3.520215
3.523493
3.526882
3.530305
3.533756
3.537161
3.540648
3.544137
3.547617
3.551032
3.554473
3.55785
3.561242
3.564551
3.567915
3.571281
3.574659
3.578058
3.581487
3.584927
3.588421
3.591946
3.595495
3.59906
3.602633
3.606206
3.609772
3.613416
3.617242
3.621027
3.624761
3.628381
3.632001
3.635573
3.639114
3.642474
3.646015
3.649591
3.65322
3.656917
3.660688
3.664479
3.668376
3.672313
3.676268
3.680217
3.684138
3.688016
3.691841
3.69561
3.699329
3.702945
3.706602
3.710255
3.71392
3.717613
3.721344
3.725117
3.728932
3.732784
3.736661
3.740553
3.744448
3.748334
3.752206
3.756058
3.759875
3.763693
3.7675
3.771305
3.775114
3.778935
3.782774
3.786632
3.790508
3.794399
3.798297
3.802194
3.806082
3.80995
3.813794
3.817608
3.821392
3.825149
3.828851
3.832574
3.836298
3.840033
3.84379
3.847579
3.851406
3.85527
3.859171
3.863102
3.867027
3.870984
3.874937
3.878872
3.882779
3.886652
3.890486
3.894282
3.898045
3.901785
3.905512
3.909238
3.912977
3.916739
3.920536
3.924373
3.928255
3.932183
3.936151
3.940148
3.944161
3.948103
3.952106
3.956085
3.960029
3.963935
3.9678
3.971631
3.975434
3.979221
3.983006
3.986802
3.990545
3.994393
3.998275
4.002088
4.006038
4.010012
4.014003
4.018001
4.021996
4.025981
4.029953
4.033913
4.037864
4.041812
4.045767
4.049739
4.053737
4.057767
4.061832
4.065932
4.070054
4.074207
4.078373
4.082541
4.0867
4.090847
4.094955
4.099062
4.103154
4.107236
4.111316
4.115404
4.119452
4.12358
4.127734
4.131915
4.136117
4.140334
4.144555
4.14877
4.152941
4.157115
4.16126
4.165374
4.16946
4.173523
4.177573
4.181619
4.185583
4.189655
4.193738
4.197863
4.202019
4.206201
4.210251
4.21446
4.218669
4.222867
4.227046
4.231198
4.23532
4.239413
4.243482
4.247533
4.251576
4.255622
4.259681
4.263763
4.267769
4.271912
4.276042
4.280246
4.284472
4.28871
4.292944
4.297163
4.301277
4.305432
4.309545
4.313612
4.317526
4.321517
4.325453
4.329409
4.333366
4.337333
4.341262
4.345258
4.34925
4.353285
4.357325
4.36138
4.36543
4.369466
4.373477
4.377455
4.381397
4.385302
4.389176
4.393026
4.396863
4.400699
4.404547
4.408415
4.412312
4.416239
4.420149
4.424125
4.428111
4.432093
4.435911
4.439845
4.443737
4.447578
4.451227
4.454961
4.45863
4.462272
4.465834
4.46942
4.472993
4.476563
4.480134
4.48371
4.487294
4.490884
4.494477
4.49807
4.501661
4.505247
4.508825
4.512395
4.515959
4.519518
4.523074
4.526629
4.530185
4.533742
4.537299
4.540854
4.544405
4.547948
4.55148
4.554997
4.558453
4.561938
4.565407
4.56886
4.572299
4.575727
4.579147
4.582561
4.585971
4.589379
4.592785
4.596189
4.59959
4.602985
4.606372
4.609748
4.613112
4.616461
4.619756
4.623069
4.626325
4.629598
4.632852
4.636374
4.639982
4.643564
4.647119
4.650648
4.65415
4.657627
4.661081
4.664516
4.667933
4.671334
4.674681
4.678053
4.681414
4.684761
4.688096
4.691417
4.694726
4.698023
4.701309
4.704587
4.707858
4.711127
4.714384
4.717661
4.720947
4.724246
4.727463
4.730794
4.734141
4.737504
4.74088
4.744266
4.747584
4.750977
4.754365
4.757747
4.761121
4.764483
4.767835
4.771177
4.774511
4.77784
4.781164
4.784486
4.787807
4.791126
4.794441
4.79775
4.801049
4.804334
4.8076
4.810843
4.81406
4.817248
4.820407
4.823539
4.826645
4.829729
4.832795
4.835849
4.838895
4.841938
4.84498
4.848025
4.851073
4.854124
4.85713
4.86018
4.863225
4.866264
4.869293
4.872309
4.875311
4.878301
4.881277
4.884241
4.887147
4.890097
4.893044
4.895988
4.898861
4.901807
4.904754
4.907699
4.910639
4.91357
4.916486
4.919381
4.922228
4.925065
4.927828
4.93059
4.933311
4.935993
4.938636
4.941245
4.943767
4.946323
4.948861
4.951385
4.953899
4.956407
4.958908
4.9614
4.963881
4.966349
4.968799
4.971227
4.973588
4.975968
4.978324
4.980657
4.982942
4.985243
4.987536
4.989825
4.992116
4.994412
4.996714
4.999022
5.001334
5.003645
5.005952
5.008249
5.010514
5.012777
5.015006
5.017224
5.01942
5.021596
5.023756
5.025906
5.028049
5.03019
5.032294
5.03444
5.036589
5.03874
5.040836
5.042974
5.045095
5.047193
5.049259
5.051286
5.053254
5.055193
5.057086
5.058932
5.060739
5.062509
5.06425
5.065969
5.06767
5.069359
5.071039
5.072711
5.074319
5.075969
5.077603
5.079217
5.080781
5.082345
5.083881
5.08539
5.086849
5.088313
5.089743
5.091184
5.092625
5.094073
5.095514
5.09699
5.098483
5.099994
5.101504
5.103039
5.104578
5.106112
5.107638
5.109146
5.110632
5.112092
5.113522
5.114922
5.116292
5.117633
5.118948
5.120238
5.121507
5.122756
5.123988
5.125203
5.126389
5.127569
5.128702
5.129842
5.130959
5.13205
5.133085
5.13412
5.135125
5.136099
5.137026
5.137946
5.13884
5.139711
5.140562
5.141397
5.142213
5.143025
5.14383
5.144628
5.145421
5.146208
5.14699
5.147764
5.14853
5.149286
5.150016
5.150746
5.151461
5.15216
5.152843
5.153512
5.154155
5.154801
5.155438
5.156068
5.156691
5.157309
5.15792
5.158525
5.159119
5.159701
5.160262
5.160811
5.161338
5.161843
5.162321
5.162776
5.163207
5.163613
5.163994
5.164353
5.164685
5.165001
5.165297
5.165569
5.165819
5.166046
5.166246
5.166422
5.166574
5.166701
5.166804
5.166892
5.166965
5.167028
5.167084
5.167136
5.167187
5.167239
5.16729
5.167341
5.167388
5.167428
5.167459
5.167476
5.167478
5.16746
5.167426
5.167373
5.167302
5.167214
5.167114
5.167002
5.16688
5.166748
5.166605
5.16645
5.166283
5.166094
5.165884
5.165648
5.165382
5.165087
5.16476
5.164403
5.164018
5.163608
5.163184
5.162736
5.162287
5.161819
5.161346
5.16087
5.160389
5.159903
5.159411
5.158909
5.158396
5.157867
5.157324
5.156764
5.156188
5.155596
5.154992
5.154376
5.153756
5.153127
5.1525
5.151861
5.15123
5.150577
5.149911
5.149229
5.148524
5.147795
5.147057
5.146271
5.145463
5.144621
5.143769
5.142885
5.141985
5.141075
5.140158
5.139235
5.138316
5.137383
5.136443
5.135492
5.13453
5.13355
5.13255
5.13153
5.130491
5.129432
5.128356
5.127268
5.126181
5.125078
5.123974
5.122869
5.121786
5.120685
5.119584
5.118483
5.117377
5.116264
5.115155
5.114017
5.112861
5.111686
5.110492
5.109279
5.108047
5.1068
5.10554
5.10427
5.102992
5.101707
5.100449
5.099155
5.097858
5.096553
5.095244
5.093919
5.092577
5.091216
5.08989
5.08848
5.087044
5.085581
5.084107
5.082595
5.081076
5.079527
5.077966
5.076396
5.074821
5.073241
5.071683
5.070094
5.068495
5.066883
5.065254
5.063604
5.061931
5.060233
5.058511
5.056766
5.055036
5.053259
5.051474
5.049684
5.047897
5.04611
5.044326
5.042545
5.040766
5.038984
5.037196
5.035398
5.033588
5.031763
5.029922
5.028067
5.026227
5.024345
5.022451
5.020548
5.018637
5.016717
5.014787
5.012845
5.010888
5.008914
5.006919
5.004902
5.002861
5.000798
4.998712
4.996606
4.994502
4.992362
4.990211
4.988049
4.985877
4.983695
4.981551
4.979348
4.977158
4.974923
4.972678
4.970404
4.968107
4.965789
4.963451
4.961093
4.958788
4.9564
4.954054
4.951646
4.949245
4.946825
4.944399
4.941967
4.939528
4.937078
4.934692
4.932217
4.929733
4.927221
4.924689
4.922137
4.919566
4.916977
4.914462
4.911845
4.90923
4.906597
4.903957
4.901315
4.89867
4.89602
4.893367
4.890708
4.888118
4.88544
4.882771
4.880066
4.877382
4.874647
4.871894
4.869127
4.866344
4.863547
4.860763
4.857942
4.855112
4.852274
4.849429
4.846579
4.843723
4.840866
4.838015
4.835154
4.832294
4.829436
4.826579
4.823726
4.820876
4.81803
4.815194
4.812356
4.809522
4.80669
4.80386
4.801031
4.798234
4.795405
4.792574
4.789742
4.786905
4.784062
4.781289
4.778433
4.775568
4.772691
4.769819
4.766916
4.764
4.761067
4.758162
4.755196
4.752213
4.749213
4.746198
4.743167
4.740122
4.737065
4.734098
4.731022
4.72794
4.724852
4.72176
4.718666
4.71557
4.712474
4.709376
4.706278
4.703178
4.700075
4.696968
4.693854
4.690734
4.687606
4.684469
4.681323
4.678168
4.675006
4.671836
4.668662
4.665483
4.662301
4.659117
4.655931
4.652743
4.649554
4.646361
4.643163
4.640006
4.636796
4.6336
4.630373
4.627142
4.623898
4.620647
4.617391
4.614139
4.610878
4.607691
4.604432
4.601176
4.597926
4.594702
4.591463
4.588266
4.585035
4.581807
4.578579
4.575443
4.572212
4.568981
4.565741
4.562495
4.559242
4.555984
4.552719
4.549489
4.546213
4.542963
4.539677
4.536385
4.533088
4.529784
4.526472
4.523187
4.519852
4.516504
4.513142
4.509762
4.506367
4.502954
4.499527
4.496122
4.49267
4.48921
4.485744
4.48228
4.478815
4.475364
4.471908
4.468459
4.465016
4.461581
4.458152
4.454726
4.451301
4.447875
4.444446
4.441012
4.437571
4.434123
4.430665
4.427199
4.423725
4.420242
4.416754
4.413259
4.409759
4.406255
4.402748
4.399236
4.395721
4.392201
4.388676
4.385144
4.381606
4.378061
4.37451
4.370955
4.367396
4.363837
4.36028
4.356781
4.353233
4.349695
4.346165
4.342644
4.339133
4.335629
4.332129
4.328632
4.325138
4.321644
4.318148
4.314651
4.311153
4.307655
4.304155
4.300655
4.297155
4.293654
4.290152
4.286758
4.283247
4.279727
4.276197
4.272697
4.269141
4.265617
4.262034
4.25844
4.254835
4.251223
4.247607
4.243987
4.240367
4.236747
4.233129
4.229512
4.225897
4.222285
4.218675
4.215068
4.211465
4.207869
4.204279
4.200699
4.19713
4.193573
4.19003
4.186499
4.18298
4.179471
4.175971
4.172477
4.168987
4.1655
4.162013
4.158599
4.15511
4.151619
4.148126
4.144632
4.141136
4.137639
4.134139
4.130634
4.127123
4.123602
4.12007
4.116525
4.112966
4.109392
4.105805
4.102206
4.098601
4.094992
4.091385
4.087889
4.084298
4.080733
4.07717
4.073628
4.070096
4.066578
4.063072
4.059666
4.056175
4.05274
4.049262
4.045827
4.042361
4.038905
4.03546
4.032029
4.028614
4.025215
4.021831
4.018462
4.015105
4.011755
4.008408
4.005095
4.001742
3.998417
3.995048
3.991671
3.988286
3.985044
3.981656
3.978275
3.974904
3.971655
3.968322
3.965014
3.961733
3.958583
3.955348
3.952128
3.948919
3.945714
3.94251
3.939327
3.936119
3.932929
3.92973
3.926549
3.923384
3.920246
3.917138
3.914061
3.911015
3.907995
3.904995
3.902009
3.899029
3.896048
3.893061
3.890066
3.887059
3.884082
3.881055
3.878021
3.874984
3.871945
3.868908
3.865875
3.862845
3.859823
3.856803
3.853786
3.850772
3.847782
3.844779
3.84185
3.838866
3.835899
3.832951
3.83007
3.827168
3.82429
3.821437
3.818604
3.815788
3.812983
3.810184
3.807385
3.804581
3.801791
3.798968
3.796197
3.793354
3.790532
3.787678
3.784825
3.781977
3.779137
3.776307
3.773489
3.770683
3.767889
3.765106
3.762333
3.759571
3.756819
3.754078
3.751349
3.748938
3.746628
3.744304
3.741959
3.739588
3.737192
3.734774
3.732341
3.7299
3.727462
3.725036
3.72263
3.720246
3.717885
3.715546
3.713223
3.710907
3.708611
3.706289
3.703966
3.70162
3.699263
3.696901
3.694543
3.692199
3.689878
3.687589
3.685347
3.683134
3.680958
3.67881
3.676682
3.674561
3.672436
3.670296
3.668134
3.665946
3.663733
3.661496
3.659255
3.656995
3.654735
3.652483
3.650246
3.648027
3.645825
3.643641
3.641469
3.639305
3.637148
3.634985
3.632817
3.630645
3.628507
3.62633
3.624165
3.621999
3.619845
3.617706
3.615584
3.613479
3.611472
3.609396
3.607332
3.605278
3.603231
3.60119
3.599155
3.597126
3.595102
3.593084
3.591111
3.5891
3.58709
3.585075
3.583052
3.581018
3.579017
3.576952
3.574889
3.572799
3.57076
3.56867
3.566595
3.564543
3.562574
3.56059
3.558653
3.556741
3.55489
3.553025
3.551167
3.549306
3.547433
3.54554
3.543626
3.541693
3.539749
3.537803
3.535868
3.533956
3.532115
3.530278
3.528487
3.526739
3.525028
3.523342
3.521672
3.520004
3.518349
3.516666
3.514969
3.513263
3.511552
3.509843
3.508147
3.50647
3.504816
3.503189
3.501614
3.500032
3.498469
3.496906
3.495342
3.493772
3.492192
3.490602
3.489013
3.487413
3.485846
3.484261
3.482719
3.481174
3.479653
3.478154
3.476674
3.475207
3.473789
3.472325
3.470855
3.469372
3.467878
3.466378
3.464945
3.463452
3.461978
3.460563
3.459154
3.457786
3.45646
3.455173
3.453913
3.452743
3.451504
3.45027
3.449
3.447709
3.446374
3.445018
3.443622
3.442206
3.440784
3.439375
3.437982
3.436625
3.435299
3.434033
3.432781
3.431574
3.430369
3.429173
3.427972
3.426782
3.425552
3.424304
3.423042
3.421772
3.420506
3.419285
3.418055
3.416865
3.415698
3.414563
3.413452
3.412382
3.411286
3.410189
3.40906
3.407915
3.406723
3.405499
3.404251
3.403043
3.401779
3.400542
3.399313
3.398123
3.396956
3.395818
3.3947
3.39363
3.392518
3.39139
3.390235
3.389049
3.387828
3.386576
3.3853
3.384056
3.382766
3.381487
3.38023
3.379033
3.377832
3.37666
3.37551
3.37443
3.373299
3.372167
3.371026
3.369886
3.368724
3.367558
3.366394
3.365283
3.364151
3.363066
3.361998
3.360965
3.359965
3.358991
3.358033
3.357118
3.356151
3.35519
3.354192
3.353182
3.35215
3.351127
3.350078
3.349029
3.34799
3.346969
3.34597
3.345
3.344057
3.343141
3.342247
3.341368
3.340497
3.339623
3.338741
3.337842
3.336924
3.335985
3.335028
3.334105
3.333133
3.332169
3.331224
3.330306
3.329425
3.328585
3.327786
3.327044
3.326315
3.325608
3.324913
3.324234
3.323534
3.32282
3.322088
3.32135
3.320586
3.319813
3.319039
3.318274
3.31754
3.316849
3.316203
3.315628
3.31505
3.314487
3.313931
3.31337
3.312807
3.31222
3.311612
3.31099
3.310343
3.309681
3.30901
3.308336
3.307666
3.307006
3.306369
3.305766
3.305198
3.304693
3.304542
3.304407
3.30429
3.304193
3.304116
3.304062
3.304023
3.303999
3.303985
3.303976
3.303968
3.303958
3.303944
3.303925
3.303903
3.303879
3.303858
3.303845
3.303843
3.303856
3.303887
3.303936
3.304001
3.304082
3.304173
3.304273
3.304374
3.304473
3.304566
3.304651
3.304727
3.304795
3.304855
3.30491
3.304964
3.305022
3.305086
3.30516
3.305242
3.305342
3.305457
3.305588
3.305728
3.305888
3.306061
3.306246
3.30644
3.306644
3.306855
3.307073
3.307291
3.307522
3.30776
3.308004
3.308256
3.308515
3.308772
3.309045
3.309325
3.309608
3.30989
3.310174
3.310453
3.310728
3.310996
3.311257
3.311509
3.311756
3.311998
3.312243
3.31249
3.312749
3.313024
3.313314
3.313628
3.313963
3.31432
3.314697
3.315074
3.315479
3.315893
3.31631
3.316732
3.317154
3.317575
3.317996
3.318417
3.318841
3.319271
3.319708
3.320154
3.32061
3.321059
3.321534
3.322009
3.322498
3.322986
3.323477
3.323964
3.324442
3.324896
3.325354
3.325799
3.326232
3.326655
3.327071
3.327628
3.32822
3.328815
3.329405
3.330001
3.3306
3.331206
3.331821
3.332448
3.333088
3.333745
3.334417
3.335103
3.335801
3.336509
3.337223
3.33794
3.338656
3.339369
3.340081
3.34079
3.341489
3.342183
3.342893
3.343598
3.34432
3.345043
3.345788
3.34654
3.347311
3.348078
3.348872
3.349677
3.350489
3.351287
3.352109
3.352933
3.353759
3.354584
3.355409
3.356233
3.357056
3.357859
3.358683
3.359507
3.360334
3.361166
3.362002
3.362844
3.363693
3.364528
3.36539
3.366254
3.367127
3.368006
3.368891
3.369782
3.370679
3.371556
3.372467
3.373388
3.374318
3.375259
3.376212
3.377173
3.378146
3.37911
3.380097
3.381076
3.382065
3.383044
3.384026
3.384989
3.385958
3.386915
3.387876
3.388821
3.38978
3.39073
3.391698
3.392662
3.393648
3.394646
3.395655
3.396675
3.397706
3.398747
3.399795
3.400837
3.401896
3.402958
3.404021
3.405067
3.40613
3.407192
3.408255
3.409312
3.410379
3.411451
3.412529
3.413618
3.414717
3.41583
3.416956
3.418031
3.419183
3.420341
3.421514
3.422693
3.423877
3.42503
3.426215
3.427397
3.428577
3.429753
3.430925
3.432091
3.43326
3.434428
3.435598
3.436754
3.437931
3.439113
3.440301
3.441498
3.442703
3.443918
3.445145
3.446383
3.447633
3.448897
3.450174
3.451464
3.452766
3.45408
3.455404
3.456681
3.458017
3.459343
3.460686
3.462031
3.463376
3.464724
3.466074
3.467416
3.468776
3.470142
3.471516
3.47287
3.47426
3.475659
3.477066
3.478461
3.479882
3.481308
3.482739
3.484157
3.485595
3.487036
3.488481
3.48993
3.491382
3.492838
3.494299
3.495764
3.497232
3.498704
3.500177
3.501635
3.503107
3.504569
3.506035
3.507496
3.508953
3.510396
3.511849
3.513302
3.514757
3.516217
3.517686
3.519119
3.520609
3.522112
3.523631
3.525151
3.526703
3.528274
3.529862
3.531469
3.533096
3.534741
3.536402
3.538058
3.539733
3.54141
3.543082
3.544729
3.546388
3.548039
3.549683
3.551285
3.552925
3.554554
3.556209
3.557867
3.559553
3.561259
3.562986
3.564733
3.566498
3.568238
3.570029
3.571828
3.573618
3.575423
3.577226
3.579005
3.580805
3.582589
3.584389
3.586164
3.587975
3.58977
3.5916
3.593443
3.595298
3.597118
3.598996
3.600863
3.602756
3.604651
3.606549
3.608446
3.61034
3.612136
3.614026
3.615911
3.617802
3.619649
3.62155
3.623459
3.625369
3.62728
3.629221
3.63117
3.633129
3.635093
3.637061
3.639031
3.641002
3.64293
3.644899
3.646866
3.648835
3.650805
3.652778
3.654755
3.656738
3.658726
3.660721
3.662657
3.664666
3.66668
3.66902
3.671776
3.674495
3.677253
3.679983
3.682749
3.685498
3.688279
3.69107
3.693868
3.696671
3.699479
3.702286
3.705089
3.707886
3.710676
3.713462
3.716248
3.719039
3.721837
3.724645
3.727447
3.730277
3.733114
3.735956
3.738736
3.74157
3.74439
3.747191
3.749969
3.752594
3.755323
3.75803
3.760719
3.763321
3.765995
3.768671
3.771356
3.774048
3.776763
3.779449
3.782194
3.78495
3.78771
3.79047
3.793224
3.795945
3.798676
3.801305
3.804007
3.806676
3.809354
3.811965
3.814628
3.817242
3.819902
3.822565
3.825233
3.827809
3.830495
3.833149
3.835864
3.83855
3.841301
3.844014
3.846804
3.84953
3.852353
3.855126
3.857963
3.860799
3.863627
3.866443
3.869241
3.871906
3.874668
3.877411
3.880104
3.882821
3.88553
3.88824
3.890955
3.893559
3.89629
3.899037
3.901801
3.904514
3.907314
3.910131
3.912961
3.915766
3.918615
3.921457
3.924314
3.927136
3.929991
3.932842
3.935684
3.938394
3.941217
3.944027
3.946826
3.949608
3.952387
3.955159
3.957928
3.960614
3.963385
3.966125
3.968909
3.971681
3.97448
3.977285
3.980094
3.982785
3.985598
3.988355
3.991161
3.993904
3.996697
3.999483
4.00226
4.004972
4.007736
4.010494
4.013247
4.015997
4.018744
4.021413
4.024156
4.026886
4.029622
4.032351
4.035075
4.037791
4.0405
4.043201
4.045896
4.048573
4.051257
4.053935
4.056609
4.059248
4.061915
4.064577
4.067234
4.069818
4.072446
4.07508
4.077708
4.08033
4.082907
4.085526
4.088146
4.090773
4.093316
4.095961
4.098581
4.101246
4.103844
4.106524
4.109209
4.111901
4.114598
4.117299
4.120003
4.122712
4.125424
4.128144
4.130872
4.133608
4.136312
4.139066
4.141819
4.144583
4.147302
4.150059
4.152807
4.155542
4.158236
4.160942
4.163633
4.166314
4.168955
4.171622
4.174285
4.176946
4.179554
4.182206
4.184847
4.187473
4.190078
4.192659
4.195213
4.197741
4.200245
4.202644
4.205118
4.207581
4.210053
4.212443
4.214938
4.217449
4.219976
4.222517
4.225068
4.227624
4.230182
4.232709
4.235261
4.23781
4.240355
4.242826
4.245373
4.247917
4.250477
4.253046
4.255624
4.258143
4.260731
4.263299
4.265881
4.268441
4.270997
4.273444
4.275962
4.278426
4.280875
4.283334
4.285703
4.288134
4.290457
4.292866
4.295259
4.297649
4.299969
4.302343
4.304682
4.307043
4.309371
4.311723
4.314073
4.316423
4.318709
4.321057
4.323415
4.325772
4.328134
4.330497
4.332859
4.335218
4.337576
4.339932
4.342288
4.344627
4.346986
4.349351
4.351722
4.353986
4.356369
4.358746
4.361137
4.363529
4.365919
4.368303
4.37068
4.372938
4.375299
4.377619
4.379965
4.382306
4.384644
4.386979
4.389313
4.391593
4.393906
4.396233
4.398489
4.400802
4.403106
4.40534
4.407618
4.409887
4.412114
4.414364
4.416551
4.418792
4.42103
4.423267
4.425457
4.427692
4.429918
4.432147
4.43437
4.436584
4.438714
4.440907
4.443089
4.445261
4.447423
4.449581
4.451736
4.453892
4.456041
4.458203
4.460369
4.462538
4.464708
4.466876
4.469039
4.471194
4.473338
4.475469
4.477578
4.479683
4.481779
4.48384
4.485924
4.488005
4.490022
4.492107
4.494173
4.496264
4.498287
4.500376
4.502438
4.504509
4.506567
4.508608
4.510554
4.512563
4.514556
4.516489
4.518461
4.52043
4.522396
4.524364
4.526334
4.528295
4.530264
4.532228
4.53418
4.536118
4.538036
4.539843
4.541715
4.543539
4.545369
4.547145
4.54895
4.550751
4.552556
4.554327
4.556151
4.55798
4.559826
4.561643
4.563495
4.565343
4.567178
4.568948
4.570745
4.57249
4.574239
4.575924
4.577631
4.579323
4.581004
4.582613
4.584284
4.585952
4.587619
4.589269
4.590926
4.592573
4.594181
4.595794
4.597389
4.598953
4.600502
4.602005
4.603512
4.605001
4.606478
4.607924
4.609377
4.610837
4.612298
4.613761
4.615209
4.616679
4.618134
4.619608
4.621082
4.622553
4.624019
4.625478
4.626911
4.628352
4.629783
4.631204
4.632585
4.633985
4.635376
4.636757
4.638133
4.6395
4.640822
4.642177
4.643494
4.644833
4.646164
4.647487
4.648747
4.65005
4.651341
4.652623
4.653862
4.655125
4.656355
4.657601
4.658812
4.660042
4.661263
4.662471
4.663672
4.664861
4.666038
4.667201
4.668352
4.669489
4.670571
4.67167
4.672776
4.673854
4.674947
4.676036
4.677122
4.678177
4.679257
4.680333
4.681405
4.682463
4.683518
4.684546
4.685579
4.686597
4.687601
4.688559
4.689533
4.690494
4.691442
4.692341
4.693266
4.69418
4.69508
4.695938
4.69681
4.697665
4.698498
4.699307
4.700092
4.700851
4.701584
4.702267
4.702952
4.703619
4.704274
4.70492
4.705565
4.706212
4.706848
4.70751
4.708179
4.708838
4.709514
4.710169
4.710831
4.711479
4.712109
4.712718
4.713308
4.713869
4.714426
4.714974
4.715519
4.716067
4.71662
4.717181
4.717749
4.718297
4.718871
4.719434
4.719991
4.72052
4.721036
4.721528
4.721995
4.72244
4.722867
4.723284
4.723697
4.724104
4.724524
4.724942
4.72538
4.725824
4.72627
4.726701
4.727129
4.727537
4.727921
4.728261
4.728586
4.728879
4.729145
4.729388
4.729601
4.729817
4.730027
4.730234
4.73044
4.730646
4.73085
4.731046
4.731231
4.731399
4.731546
4.731668
4.731763
4.731836
4.731885
4.731918
4.731937
4.731951
4.731962
4.731976
4.731996
4.732022
4.732053
4.732089
4.732122
4.732151
4.732167
4.732167
4.732146
4.732102
4.732033
4.731939
4.731829
4.731697
4.731555
4.731402
4.731246
4.73109
4.730932
4.730773
4.730615
4.730447
4.730269
4.730076
4.729867
4.72963
4.729371
4.729085
4.728786
4.728461
4.728124
4.727781
4.727455
4.727114
4.726782
4.726456
4.726137
4.725822
4.725516
4.725199
4.724875
4.724535
4.724186
4.723814
4.723436
4.723032
4.72262
4.722199
4.721768
4.721342
4.720911
4.720495
4.720068
4.71964
4.719207
4.718787
4.718331
4.717871
4.717376
4.716861
4.716318
4.715752
4.715163
4.714581
4.713962
4.713332
4.712696
4.712056
4.711415
4.710773
4.710128
4.709478
4.708818
4.708166
4.707478
4.706769
4.70604
4.705317
4.704548
4.703768
4.702969
4.702168
4.701359
4.700553
4.699754
4.698963
4.698186
4.697412
4.696641
4.695871
4.695095
4.694307
4.693503
4.692678
4.691831
4.690959
4.690065
4.689152
4.688223
4.687284
4.68634
4.685421
4.684476
4.683544
4.682603
4.68168
4.680734
4.679797
4.67883
4.677847
4.676846
4.675824
4.674783
4.673732
4.672661
4.671587
4.670498
4.669407
4.668311
4.667229
4.666129
4.665024
4.663911
4.662818
4.661683
4.660542
4.659379
4.658203
4.657015
4.655867
4.654665
4.65346
4.652255
4.651083
4.64988
4.648689
4.64748
4.646276
4.645048
4.643805
4.642544
4.641321
4.640022
4.638704
4.637383
4.636032
4.634668
4.633295
4.631916
4.630528
4.629164
4.627767
4.626363
4.624951
4.623532
4.622105
4.620691
4.619246
4.617792
4.616329
4.61486
4.613384
4.611903
4.610416
4.608957
4.60746
4.605956
4.604445
4.60296
4.601431
4.599894
4.598347
4.596836
4.595272
4.593729
4.592151
4.590589
4.589
4.587406
4.585807
4.584263
4.582652
4.581034
4.579407
4.577815
4.576172
4.574522
4.572865
4.571274
4.569602
4.567964
4.566278
4.564633
4.562932
4.56122
4.559498
4.557817
4.556076
4.554321
4.552563
4.550791
4.549014
4.547233
4.54545
4.543666
4.54189
4.540103
4.538323
4.536526
4.53472
4.5329
4.531179
4.529329
4.527461
4.525575
4.523771
4.521858
4.519936
4.518007
4.516083
4.514153
4.512226
4.510301
4.508398
4.506471
4.50454
4.502601
4.500705
4.498741
4.496763
4.494771
4.492769
4.490755
4.488735
4.486751
4.484739
4.482709
4.480695
4.478664
4.476705
4.474672
4.472637
4.470596
4.468685
4.466629
4.464605
4.462528
4.460502
4.458404
4.456298
4.454185
4.452111
4.449985
4.447885
4.445751
4.443666
4.441522
4.439373
4.437219
4.435119
4.432955
4.430786
4.428614
4.426458
4.424276
4.422091
4.419901
4.417797
4.415596
4.41339
4.411175
4.409005
4.406775
4.404539
4.402297
4.400126
4.397875
4.395636
4.393377
4.391184
4.388916
4.38665
4.384367
4.382074
4.37977
4.377462
4.375135
4.372803
4.370453
4.368096
4.365735
4.36337
4.361005
4.358652
4.35629
4.353938
4.351579
4.349218
4.346855
4.344593
4.342218
4.339851
4.337463
4.335072
4.332676
4.330281
4.328108
4.326111
4.324066
4.322084
4.320032
4.318011
4.315949
4.313882
4.31181
4.309733
4.307671
4.305587
4.303501
4.301486
4.299399
4.297315
4.295242
4.293186
4.291114
4.289048
4.286987
4.285022
4.282972
4.280954
4.278913
4.276877
4.274846
4.272828
4.270808
4.268796
4.266791
4.264823
4.262834
4.260852
4.258876
4.256907
4.254943
4.252994
4.251037
4.249093
4.247134
4.245177
4.24321
4.24124
4.239348
4.23737
4.235421
4.233443
4.231467
4.229495
4.22753
4.225622
4.223673
4.221734
4.219804
4.217927
4.216011
4.214098
4.212187
4.210272
4.208351
4.206423
4.204485
4.202536
4.200575
4.198606
4.196639
4.194654
4.192665
4.190676
4.188753
4.186766
4.184792
4.18281
4.18083
4.178851
4.176868
4.174879
4.172924
4.170913
4.168931
4.166887
4.164823
4.16274
4.16064
4.158523
4.156488
4.15435
4.15225
4.150102
4.147998
4.145851
4.143704
4.14156
4.139478
4.137331
4.13521
4.133053
4.130922
4.128745
4.126557
4.124359
4.122226
4.120014
4.117816
4.115604
4.113399
4.111203
4.109061
4.106892
4.104786
4.102648
4.100546
4.098435
4.096348
4.094254
4.092165
4.09008
4.088069
4.085985
4.083926
4.081838
4.079782
4.077689
4.075594
4.073496
4.071417
4.069314
4.067209
4.065099
4.063013
4.060894
4.058768
4.056655
4.05452
4.05238
4.050239
4.048144
4.046006
4.043872
4.041743
4.039639
4.037522
4.03541
4.033303
4.031202
4.029097
4.026989
4.02488
4.022788
4.020672
4.018555
4.016438
4.014328
4.012221
4.010122
4.008054
4.005986
4.003913
4.001879
3.999816
3.99777
3.995702
3.993626
3.991538
3.989438
3.987319
3.985183
3.983032
3.980915
3.978738
3.976554
3.974366
3.97218
3.97
3.96783
3.965675
3.963536
3.961415
3.959311
3.957221
3.95522
3.953147
3.951107
3.949034
3.94697
3.944885
3.942792
3.940691
3.938586
3.936479
3.934376
3.932287
3.930207
3.928144
3.926165
3.924147
3.92215
3.920217
3.918257
3.916359
3.914424
3.912494
3.910566
3.908751
3.906819
3.9049
3.90296
3.901052
3.899103
3.897152
3.8952
3.893288
3.891336
3.889416
3.887466
3.885545
3.883599
3.881655
3.879712
3.877789
3.875853
3.873923
3.872001
3.870089
3.868191
3.866352
3.864488
3.862647
3.860827
3.859059
3.857283
3.855526
3.853785
3.852056
3.850335
3.848643
3.846926
3.845235
3.843511
3.841804
3.840072
3.838341
3.836611
3.834906
3.833191
3.831521
3.829835
3.828211
3.826559
3.824924
3.823301
3.821714
3.820107
3.818502
3.816897
3.815329
3.813719
3.812108
3.81054
3.808938
3.807371
3.805798
3.804271
3.802746
3.80125
3.799785
3.798404
3.796997
3.795616
3.794252
3.792917
3.791573
3.79023
3.788882
3.787541
3.786177
3.784804
3.783421
3.782031
3.780638
3.779246
3.77786
3.776511
3.775148
3.773827
3.772494
3.771177
3.769875
3.768584
3.767303
3.766069
3.764792
3.763531
3.762243
3.760946
3.759637
3.758315
3.756982
3.755696
3.754344
3.752987
3.75163
3.750275
3.748929
3.747648
3.74633
3.745037
3.743769
3.742522
3.741289
3.740068
3.738841
3.737607
3.736361
3.735153
3.733881
3.732598
3.731312
3.730029
3.728758
3.727505
3.726277
3.725159
3.723986
3.722864
3.721737
3.720655
3.719548
3.718462
3.717345
3.716216
3.715074
3.713923
3.712764
3.711606
3.710456
3.709364
3.708253
3.707168
3.70611
3.705076
3.70411
3.703102
3.702115
3.701104
3.700067
3.699009
3.697922
3.69681
3.695678
3.694536
3.693396
3.692269
3.691169
3.690107
3.68909
3.688109
3.687158
3.686234
3.685334
3.684449
3.683572
3.682695
3.68181
3.68091
3.679991
3.679052
3.678094
3.677118
3.676128
3.675133
3.674139
3.673155
3.67219
3.671249
3.670336
3.66945
3.668589
3.667748
3.66692
3.666095
3.665262
3.664417
3.663558
3.662685
3.661801
3.660909
3.660014
3.659121
3.658234
3.65736
3.656502
3.655662
3.65484
3.654037
3.653248
3.65247
3.651711
3.650944
3.650177
3.649407
3.648636
3.647858
3.647076
3.646291
3.645504
3.644717
3.643963
3.643179
3.642398
3.641619
3.640843
3.640069
3.639296
3.638526
3.637781
3.637017
3.636256
3.635499
3.634749
3.634006
3.633272
3.632547
3.631853
3.631147
3.630452
3.629761
3.629077
3.628398
3.627732
3.627059
3.626386
3.625716
3.625046
3.624378
3.623712
3.623047
3.622383
3.62172
3.621057
3.620394
3.61973
3.619065
3.618423
3.617762
3.617121
3.616472
3.615848
3.615221
3.614613
3.614017
3.613442
3.61288
3.612333
3.611799
3.611294
3.610778
3.610276
3.609771
3.609269
3.60877
3.608276
3.607788
3.607315
3.606848
3.60641
3.605972
3.605565
3.605162
3.604778
3.60441
3.604067
3.603723
3.603386
3.603052
3.60272
3.602383
3.602042
3.601696
3.601344
3.600989
3.600631
3.600275
3.599923
3.599578
3.599245
3.59892
3.598607
3.598303
3.598016
3.597728
3.597445
3.597163
3.596891
3.59661
3.596328
3.596045
3.595773
3.595496
3.595224
3.59496
3.594715
3.594471
3.594241
3.594015
3.593802
3.593584
3.593364
3.593138
3.592906
3.592656
3.59239
3.592118
3.591824
3.59152
3.591213
3.590909
3.590613
3.590331
3.590073
3.589835
3.589621
3.589431
3.589261
3.589108
3.588963
3.588821
3.588677
3.588531
3.588372
3.588208
3.588033
3.587854
3.587675
3.587503
3.587337
3.587183
3.587046
3.586926
3.586824
3.58674
3.586665
3.586598
3.586535
3.586472
3.586404
3.586328
3.586244
3.58615
3.58605
3.585944
3.585836
3.585728
3.585625
3.585531
3.585449
3.585381
3.585328
3.585292
3.585271
3.585264
3.585269
3.585282
3.585301
3.585323
3.585345
3.585366
3.585385
3.585404
3.585426
3.585451
3.585485
3.585529
3.585586
3.585659
3.585747
3.58585
3.585962
3.586086
3.586214
3.586343
3.586463
3.586579
3.586685
3.586779
3.586863
3.586936
3.587003
3.587067
3.587132
3.587202
3.58728
3.587367
3.587464
3.587571
3.587687
3.58781
3.587937
3.588066
3.588193
3.588322
3.588451
3.588582
3.588714
3.588854
3.589001
3.58916
3.58933
3.589515
3.589714
3.589926
3.590151
3.590385
3.590628
3.590874
3.591119
3.591365
3.591608
3.591846
3.592077
3.592304
3.592525
3.592742
3.592956
3.593174
3.593395
3.593621
3.593856
3.594091
3.594343
3.5946
3.594867
3.595135
3.59541
3.595683
3.595959
3.596232
3.596504
3.596774
3.597043
3.597312
3.597585
3.597863
3.598148
3.598443
3.598748
3.599063
3.599386
3.599715
3.600047
3.600379
3.600706
3.601025
3.601335
3.601628
3.601916
3.60219
3.602462
3.602729
3.602995
3.603254
3.603529
3.603816
3.604114
3.604427
3.604755
3.605098
3.605455
3.605824
3.606203
3.606591
3.606986
3.607383
3.607786
3.608189
3.608598
3.609001
3.609412
3.609825
3.61024
3.610641
3.611059
3.61148
3.611902
3.612315
3.612738
3.613158
3.613576
3.61399
3.614374
3.61478
3.615183
3.615582
3.615979
3.616377
3.616776
3.617179
3.617588
3.618003
3.618419
3.618849
3.619284
3.619727
3.620175
3.620627
3.621081
3.621537
3.621994
3.622452
3.622913
3.623376
3.623842
3.624314
3.624779
3.625261
3.625739
3.626231
3.626724
3.627221
3.627718
3.628214
3.628707
3.629196
3.629658
3.63014
3.630621
3.631102
3.631584
3.632072
3.632559
3.633064
3.63358
3.634108
3.634649
3.635202
3.635767
3.636342
3.636925
3.637516
3.638112
3.638712
3.639316
3.639922
3.640531
3.641143
3.641756
3.642377
3.643004
3.643616
3.644257
3.644894
3.645551
3.646214
3.646884
3.647557
3.648233
3.648909
3.649585
3.650258
3.650928
3.651597
3.652265
3.652935
3.653609
3.654291
3.654984
3.65569
3.656411
3.657129
3.65788
3.65863
3.659404
3.660177
3.660958
3.661736
3.662507
3.66326
3.664009
3.664746
3.665473
3.666188
3.666905
3.667623
3.668349
3.669086
3.66984
3.670595
3.67139
3.672182
3.673018
3.673856
3.674723
3.675601
3.676486
3.677374
3.678262
3.679149
3.680034
3.680917
3.6818
3.682684
3.683571
3.684463
3.685361
3.686261
3.687176
3.688099
3.689032
3.689972
3.690921
3.691868
3.692829
3.693789
3.694762
3.695736
3.696718
3.697705
3.698696
3.699675
3.700671
3.701668
3.702664
3.703658
3.704649
3.705637
3.706623
3.707606
3.70859
3.709575
3.710565
3.711562
3.712568
3.713586
3.714615
3.715657
3.716709
3.717746
3.718816
3.719887
3.720965
3.722043
3.723122
3.724193
3.72527
3.726347
3.727422
3.728505
3.729595
3.73067
3.731777
3.732892
3.734019
3.735147
3.736289
3.737415
3.738564
3.739715
3.740866
3.742016
3.743166
3.74431
3.745463
3.746619
3.747781
3.74895
3.750128
3.751302
3.752498
3.753703
3.75491
3.756126
3.757344
3.758561
3.759775
3.760983
3.762185
3.763373
3.764568
3.765758
3.766949
3.768142
3.769338
3.770536
3.771741
3.77295
3.774162
3.775376
3.776588
3.777797
3.779001
3.780152
3.781341
3.782505
3.78368
3.784839
3.786009
3.78717
3.788351
3.789512
3.790716
3.791936
3.793172
3.794423
3.795685
3.796957
3.798233
3.799461
3.80073
3.801994
3.803245
3.804483
3.805708
3.806919
3.808086
3.80928
3.810469
3.811659
3.812853
3.814056
3.81527
3.816497
3.817739
3.818994
3.820228
3.821505
3.822754
3.824043
3.825313
3.826601
3.827885
3.829165
3.830406
3.831675
3.83294
3.834202
3.835464
3.836725
3.837992
3.839263
3.840539
3.84182
3.843105
3.844393
3.845682
3.84697
3.848257
3.84954
3.850819
3.852094
3.853366
3.854635
3.855905
3.857177
3.858454
3.859736
3.861027
3.862324
3.863627
3.864936
3.866247
3.86756
3.868871
3.87018
3.871486
3.87279
3.874091
3.875392
3.876694
3.877999
3.879307
3.880622
3.881944
3.883272
3.884608
3.885949
3.887296
3.888647
3.890001
3.891357
3.892713
3.89407
3.895427
3.896786
3.898146
3.899508
3.900873
3.902244
3.903619
3.904999
3.906384
3.90777
3.909157
3.910539
3.911916
3.913284
3.914641
3.915987
3.917321
3.918645
3.91996
3.92127
3.922579
3.92389
3.925207
3.926533
3.927871
3.929221
3.930584
3.931959
3.933343
3.934734
3.936128
3.937521
3.938911
3.940281
3.941656
3.943022
3.944339
3.945686
3.947027
3.948364
3.949672
3.951008
3.952349
3.953685
3.955042
3.956408
3.957785
3.959098
3.96049
3.961885
3.96323
3.964626
3.966017
3.967402
3.968777
3.970142
3.971497
3.972844
3.974147
3.975438
3.976772
3.978078
3.979418
3.980744
3.982098
3.983461
3.984833
3.98621
3.987593
3.98898
3.990367
3.991689
3.993069
3.994443
3.995811
3.99714
3.998491
3.999834
4.001173
4.002509
4.003844
4.005179
4.006492
4.007829
4.009149
4.010484
4.011796
4.013124
4.014443
4.015756
4.017039
4.018338
4.019629
4.020914
4.022175
4.023451
4.024724
4.025995
4.027259
4.028526
4.029791
4.031026
4.032289
4.033549
4.03479
4.036047
4.037302
4.038556
4.039809
4.041061
4.042311
4.043559
4.044768
4.045992
4.04723
4.048446
4.049671
4.050887
4.052094
4.053293
4.054483
4.055667
4.056846
4.057982
4.059155
4.060281
4.061454
4.062628
4.063805
4.064919
4.066098
4.067278
4.068459
4.069637
4.070815
4.071991
4.073166
4.074341
4.075516
4.076694
4.077873
4.079053
4.080237
4.081423
4.08261
4.083735
4.084919
4.08609
4.087266
4.088437
4.089601
4.090759
4.091911
4.093034
4.094181
4.095325
4.096475
4.097617
4.098779
4.09995
4.101129
4.10231
4.103503
4.104701
4.105896
4.107092
4.108283
4.109465
4.110635
4.111785
4.112929
4.114059
4.115177
4.116283
4.117382
4.118437
4.119528
4.120596
4.121693
4.122787
4.123898
4.125009
4.126134
4.12724
4.128356
4.129488
4.130583
4.13171
4.132791
4.133903
4.134991
4.136085
4.13717
4.138249
4.139297
4.140367
4.141435
4.142501
4.143568
4.144634
4.145701
4.14677
4.147838
4.148898
4.149964
4.151031
4.152097
4.153163
4.154191
4.155257
4.156297
4.157361
4.158425
4.159489
4.160552
4.161614
4.162653
4.163714
4.164775
4.165834
4.166868
4.167921
4.168968
4.170008
4.170983
4.172007
4.173021
4.174023
4.175019
4.176007
4.176974
4.177955
4.178933
4.179912
4.180893
4.181848
4.182833
4.183819
4.184804
4.185787
4.186765
4.187739
4.188708
4.189672
4.190633
4.191592
4.192554
4.193519
4.194489
4.195468
4.196445
4.197436
4.198433
4.19943
4.200422
4.201413
4.20238
4.203352
4.20429
4.205238
4.206158
4.207085
4.207997
4.208911
4.209808
4.210718
4.211627
4.212538
4.213445
4.214358
4.215271
4.216183
4.217093
4.217999
4.218887
4.219779
4.220665
4.22154
4.222397
4.223255
4.224104
4.224947
4.22578
4.226612
4.22744
4.228266
4.229086
4.229912
4.230731
4.231559
4.232383
4.233211
4.234039
4.234866
4.235663
4.236489
4.237313
4.238141
4.238967
4.2398
4.240637
4.241469
4.242309
4.243146
4.243978
4.244799
4.245605
4.246396
4.247169
4.247923
4.248639
4.249364
4.250079
4.25079
4.251502
4.252217
4.252931
4.253661
4.254399
4.255141
4.255883
4.25662
4.257328
4.258043
4.258743
4.259427
4.260095
4.26075
4.261374
4.262014
4.262654
4.263297
4.263946
4.264602
4.265265
4.265934
4.2666
4.267268
4.26793
4.268582
4.26922
4.269844
4.270452
4.271046
4.271619
4.272189
4.27275
4.273307
4.273859
4.274412
4.274965
4.275518
4.276044
4.276593
4.277127
4.277662
4.278188
4.278701
4.279201
4.279686
4.280135
4.280598
4.281052
4.2815
4.281947
4.282395
4.282847
4.283305
4.283756
4.284227
4.284706
4.285188
4.285666
4.28615
4.286631
4.287107
4.287578
4.288042
4.288499
4.288951
4.289398
4.289841
4.290281
4.290714
4.291134
4.291562
4.291983
4.292397
4.292784
4.293179
4.293563
4.293937
4.294301
4.294656
4.294999
4.295339
4.295669
4.295994
4.29631
4.296619
4.296917
4.297205
4.29747
4.297737
4.297995
4.298243
4.298485
4.298724
4.29896
4.299194
4.299428
4.299654
4.299886
4.300109
4.300336
4.300559
4.300776
4.300987
4.301191
4.301391
4.301586
4.301776
4.301965
4.30215
4.302332
4.302505
4.302681
4.302847
4.303011
4.303166
4.303316
4.303457
4.303589
4.303707
4.30382
4.303922
4.304015
4.304097
4.304172
4.304236
4.304294
4.304345
4.304391
4.304433
4.304473
4.304514
4.304556
4.304598
4.30464
4.304684
4.304727
4.304768
4.304803
4.304832
4.304851
4.304858
4.304852
4.304919
4.305257
4.305592
4.305914
4.30625
4.306586
4.30693
4.307279
4.307631
4.307988
4.308344
4.308702
4.309057
4.309399
4.309742
4.310077
4.310403
4.310718
4.311023
4.311317
4.311594
4.311866
4.312129
4.312379
4.312621
4.312854
4.313075
4.313293
4.313507
4.313705
4.313915
4.314126
4.314339
4.314555
4.314775
4.314996
4.315214
4.315433
4.315644
4.315848
4.316032
4.316207
4.316363
4.316498
4.316609
4.316703
4.316777
4.316837
4.316885
4.316923
4.316957
4.316989
4.317021
4.317056
4.317094
4.317136
4.317182
4.317231
4.317282
4.317335
4.317389
4.317445
4.3175
4.317555
4.317609
4.317661
4.317711
4.317759
4.317801
4.317838
4.317866
4.317884
4.317891
4.317883
4.317859
4.317819
4.31776
4.317684
4.317591
4.317484
4.317365
4.317237
4.317106
4.316973
4.316842
4.316715
4.316594
4.31648
4.316369
4.31626
4.316152
4.316041
4.315923
4.315798
4.31566
4.315509
4.315344
4.315175
4.314986
4.31479
4.314586
4.314379
4.314171
4.313967
4.313762
4.31356
4.313358
4.313158
4.312955
4.312749
4.312539
4.312323
4.312099
4.31187
4.311634
4.311392
4.311146
4.310904
4.310653
4.3104
4.310145
4.309892
4.30963
4.309363
4.309088
4.308802
4.308504
4.308191
4.307863
4.307521
4.307167
4.306801
4.306427
4.306066
4.305686
4.305316
4.304943
4.304574
4.304206
4.30384
4.303472
4.303105
4.302725
4.30234
4.301937
4.301529
4.301102
4.300675
4.300235
4.299782
4.299332
4.298878
4.29844
4.297995
4.297555
4.297122
4.296691
4.296261
4.295833
4.295393
4.294944
4.294479
4.293998
4.293499
4.293006
4.292476
4.291934
4.291381
4.290848
4.290284
4.289736
4.289172
4.288629
4.28807
4.287518
4.286964
4.286411
4.285856
4.285305
4.284746
4.284176
4.283609
4.283022
4.282432
4.281826
4.281212
4.280592
4.279966
4.279339
4.278716
4.278089
4.277465
4.276845
4.276227
4.275613
4.275022
4.274405
4.273798
4.273169
4.272533
4.271883
4.27122
4.270545
4.269885
4.269185
4.268478
4.267759
4.267035
4.266302
4.265564
4.264822
4.264076
4.263326
4.262571
4.261833
4.261066
4.260295
4.259519
4.258749
4.257967
4.257185
4.256403
4.255635
4.254862
4.254094
4.253331
4.252583
4.251826
4.251085
4.250324
4.249565
4.248792
4.248009
4.247216
4.24646
4.245648
4.244828
4.244002
4.243173
4.242347
4.241514
4.240683
4.239851
4.239034
4.2382
4.237369
4.236526
4.235677
4.234818
4.233951
4.233074
4.232204
4.23131
4.230418
4.22951
4.228599
4.227685
4.226793
4.225879
4.224966
4.224051
4.223165
4.222247
4.221326
4.220399
4.219506
4.218569
4.217627
4.216679
4.21575
4.214797
4.213843
4.21289
4.211951
4.210998
4.210046
4.209093
4.208141
4.207183
4.206222
4.205256
4.204339
4.203363
4.202381
4.2014
4.20041
4.199419
4.198426
4.197451
4.196457
4.195496
4.1945
4.193527
4.192528
4.191527
4.190526
4.189525
4.188524
4.18753
4.186532
4.185541
4.184546
4.183552
4.182561
4.181609
4.18062
4.179649
4.178661
4.177678
4.176687
4.175694
4.174696
4.173702
4.172694
4.171681
4.17066
4.169638
4.168602
4.167559
4.166509
4.165483
4.164435
4.163372
4.162307
4.161243
4.160212
4.159156
4.158107
4.157066
4.156078
4.15505
4.154028
4.153009
4.151989
4.150965
4.149943
4.148901
4.147852
4.14678
4.145716
4.14461
4.143492
4.142355
4.141208
4.140052
4.138945
4.137789
4.136637
4.135493
4.13436
4.133239
4.132128
4.131027
4.129934
4.128845
4.127759
4.126674
4.125587
4.12451
4.123417
4.122323
4.121226
4.120172
4.119074
4.117989
4.116893
4.1158
4.114707
4.113616
4.112523
4.111426
4.110325
4.109217
4.108119
4.106996
4.105865
4.104728
4.103581
4.102429
4.101274
4.100115
4.098961
4.097802
4.096644
4.095502
4.094348
4.093199
4.092049
4.090902
4.08976
4.088618
4.087479
4.086342
4.085205
4.08407
4.082935
4.0818
4.080665
4.079528
4.078391
4.077281
4.07614
4.074998
4.073854
4.072707
4.071557
4.07042
4.069264
4.068104
4.066939
4.06577
4.064597
4.06342
4.06224
4.06106
4.059875
4.058689
4.057502
4.056345
4.055156
4.053968
4.05278
4.051591
4.050401
4.049209
4.048016
4.046821
4.045625
4.044427
4.043229
4.042054
4.04086
4.03967
4.038484
4.037303
4.03613
4.034973
4.033811
4.032651
4.031494
4.030356
4.029195
4.028028
4.026853
4.025699
4.024508
